new planeto(0, 1562, 1105.25, '#fff', 10, [4, 7, 191, 235, 238, 240]), 
new planeto(0, 1575.5, 898.25, '#fff', 10, [8, 190, 194, 198, 199, 237]), 
new planeto(0, 1472, 1019.75, '#fff', 10, [4, 6, 190, 192, 193, 240]), 
new planeto(0, 1665.5, 983.75, '#fff', 10, [5, 191, 199, 200, 201, 237]), 
new planeto(0, 1557.5, 1013, '#fff', 10, [0, 2, 190, 191, 237, 240]), 
new planeto(0, 1703.75, 1082.75, '#fff', 10, [3, 14, 191, 201, 202, 238]), 
new planeto(0, 1433.75, 920.75, '#fff', 10, [2, 190, 192, 194, 195, 196]), 
new planeto(0, 1591.25, 1161.5, '#fff', 10, [0, 18, 20, 235, 238]), 
new planeto(0, 1546.25, 842, '#fff', 10, [1, 194, 197, 198]), 
new planeto(0, 1442.75, 1141.25, '#fff', 10, [24, 193, 235, 240]), 
new planeto(0, 1694.75, 862.25, '#fff', 10, [23, 198, 199, 200, 236]), 
new planeto(0, 1321.25, 1073.75, '#fff', 10, [13, 55, 192, 193, 205]), 
new planeto(0, 1816.25, 929.75, '#fff', 10, [14, 54, 108, 200, 201, 236]), 
new planeto(0, 1305.5, 950, '#fff', 10, [11, 55, 192, 196]), 
new planeto(0, 1832, 1053.5, '#fff', 10, [5, 12, 16, 54, 106, 201]), 
new planeto(0, 1346, 826.25, '#fff', 10, [26, 103, 195]), 
new planeto(0, 1791.5, 1177.25, '#fff', 10, [14, 25, 102, 202]), 
new planeto(0, 1442.75, 779, '#fff', 10, [26, 105, 194, 195, 197]), 
new planeto(0, 1694.75, 1224.5, '#fff', 10, [7, 20, 25, 104, 202]), 
new planeto(0, 1571, 740.75, '#fff', 10, [21, 40, 105, 197, 198]), 
new planeto(0, 1566.5, 1262.75, '#fff', 10, [7, 18, 22, 39, 104]), 
new planeto(0, 1629.5, 758.75, '#fff', 10, [19, 23, 40, 198]), 
new planeto(0, 1508, 1244.75, '#fff', 10, [20, 24, 39, 235]), 
new planeto(0, 1715, 779, '#fff', 10, [10, 21, 149, 198, 236]), 
new planeto(0, 1422.5, 1224.5, '#fff', 10, [9, 22, 39, 41, 217]), 
new planeto(0, 1746.5, 1265, '#fff', 10, [16, 18, 27, 71]), 
new planeto(0, 1391, 738.5, '#fff', 10, [15, 17, 72, 103, 105]), 
new planeto(0, 1771.25, 1379.75, '#fff', 10, [25, 71, 73, 75, 104]), 
new planeto(0, 1773.5, 1517, '#fff', 10, [30, 75, 79]), 
new planeto(0, 1364, 486.5, '#fff', 10, [74, 76, 78, 80, 218, 221]), 
new planeto(0, 1715, 1618.25, '#fff', 10, [28, 77, 81]), 
new planeto(0, 1645.25, 1737.5, '#fff', 10, [33, 82, 84, 86, 87]), 
new planeto(0, 1492.25, 266, '#fff', 10, [34, 83, 85, 89, 219, 222]), 
new planeto(0, 1510.25, 1798.25, '#fff', 10, [31, 87, 88, 90, 92]), 
new planeto(0, 1627.25, 205.25, '#fff', 10, [32, 89, 91, 222, 223, 224]), 
new planeto(0, 1343.75, 1834.25, '#fff', 10, [36, 90, 92, 93, 95]), 
new planeto(0, 1193, 1836.5, '#fff', 10, [35, 93, 95, 96, 97]), 
new planeto(0, 1060.25, 1827.5, '#fff', 10, [38, 96, 97, 98]), 
new planeto(0, 970.25, 1814, '#fff', 10, [37, 99, 100, 101]), 
new planeto(0, 1492.25, 1305.5, '#fff', 10, [20, 22, 24, 41]), 
new planeto(0, 1645.25, 698, '#fff', 10, [19, 21, 42, 149]), 
new planeto(0, 1429.25, 1375.25, '#fff', 10, [24, 39, 43, 217]), 
new planeto(0, 1708.25, 628.25, '#fff', 10, [40, 44, 149, 150]), 
new planeto(0, 1364, 1431.5, '#fff', 10, [41, 152, 216, 217]), 
new planeto(0, 1773.5, 572, '#fff', 10, [42, 45, 150, 151, 153]), 
new planeto(0, 1904, 495.5, '#fff', 10, [44, 46, 153, 154, 156]), 
new planeto(0, 2032.25, 482, '#fff', 10, [45, 47, 154, 156, 158, 160]), 
new planeto(0, 2189.75, 502.25, '#fff', 10, [46, 158, 160, 162, 164]), 
new planeto(0, 846.5, 1478.75, '#fff', 10, [163, 165, 167, 169, 211]), 
new planeto(0, 2291, 524.75, '#fff', 10, [50, 162, 164, 166]), 
new planeto(0, 2374.25, 583.25, '#fff', 10, [49, 51, 164, 168, 170]), 
new planeto(0, 2457.5, 657.5, '#fff', 10, [50, 168, 172, 177]), 
new planeto(0, 605.75, 1265, '#fff', 10, [173, 176, 178, 185, 211]), 
new planeto(0, 2531.75, 738.5, '#fff', 10, [172, 175, 177]), 
new planeto(0, 1886, 972.5, '#fff', 10, [12, 14, 56, 106, 108]), 
new planeto(0, 1251.5, 1031, '#fff', 10, [11, 13, 107, 205]), 
new planeto(0, 2000.75, 972.5, '#fff', 10, [54, 57, 106, 108, 110]), 
new planeto(0, 2111, 1006.25, '#fff', 10, [56, 58, 106, 110, 112, 114]), 
new planeto(0, 2192, 1037.75, '#fff', 10, [57, 60, 112, 114, 116, 120]), 
new planeto(0, 945.5, 965.75, '#fff', 10, [61, 111, 113, 115, 117, 121]), 
new planeto(0, 2261.75, 1109.75, '#fff', 10, [58, 62, 116, 118, 120]), 
new planeto(0, 875.75, 893.75, '#fff', 10, [59, 63, 117, 119, 121]), 
new planeto(0, 2306.75, 1166, '#fff', 10, [60, 64, 118, 120, 122, 123]), 
new planeto(0, 830.75, 837.5, '#fff', 10, [61, 119, 121, 124, 126]), 
new planeto(0, 2365.25, 1253.75, '#fff', 10, [62, 64, 122, 123, 125]), 
new planeto(0, 2387.75, 1310, '#fff', 10, [67, 123, 127]), 
new planeto(0, 749.75, 693.5, '#fff', 10, [68, 124, 126, 128, 130]), 
new planeto(0, 2401.25, 1429.25, '#fff', 10, [65, 129, 131, 133, 135, 136]), 
new planeto(0, 736.25, 574.25, '#fff', 10, [66, 128, 130, 134, 203]), 
new planeto(0, 2333.75, 1593.5, '#fff', 10, [136, 138, 140, 142, 144]), 
new planeto(0, 803.75, 410, '#fff', 10, [134, 139, 141, 143, 148]), 
new planeto(0, 1818.5, 1310, '#fff', 10, [25, 27, 73, 102]), 
new planeto(0, 1319, 693.5, '#fff', 10, [26, 74, 103, 105, 218]), 
new planeto(0, 1874.75, 1424.75, '#fff', 10, [27, 71, 79]), 
new planeto(0, 1262.75, 578.75, '#fff', 10, [29, 72, 80, 218]), 
new planeto(0, 1719.5, 1436, '#fff', 10, [27, 28, 77, 104]), 
new planeto(0, 1418, 567.5, '#fff', 10, [29, 78, 105, 218]), 
new planeto(0, 1649.75, 1537.25, '#fff', 10, [30, 75, 84]), 
new planeto(0, 1487.75, 466.25, '#fff', 10, [29, 76, 219, 221]), 
new planeto(0, 1847.75, 1557.5, '#fff', 10, [28, 73, 81]), 
new planeto(0, 1289.75, 446, '#fff', 10, [29, 74, 220, 221]), 
new planeto(0, 1841, 1649.75, '#fff', 10, [30, 79, 82]), 
new planeto(0, 1787, 1730.75, '#fff', 10, [31, 81, 86]), 
new planeto(0, 1350.5, 272.75, '#fff', 10, [32, 220, 221]), 
new planeto(0, 1586.75, 1647.5, '#fff', 10, [31, 77, 88]), 
new planeto(0, 1550.75, 356, '#fff', 10, [32, 89, 219]), 
new planeto(0, 1715, 1798.25, '#fff', 10, [31, 82, 87]), 
new planeto(0, 1593.5, 1841, '#fff', 10, [31, 33, 86, 92]), 
new planeto(0, 1494.5, 1710.5, '#fff', 10, [33, 84]), 
new planeto(0, 1643, 293, '#fff', 10, [32, 34, 85, 91]), 
new planeto(0, 1361.75, 1762.25, '#fff', 10, [33, 35, 92, 95]), 
new planeto(0, 1775.75, 241.25, '#fff', 10, [34, 89, 224, 225]), 
new planeto(0, 1440.5, 1843.25, '#fff', 10, [33, 35, 87, 90]), 
new planeto(0, 1294.25, 1886, '#fff', 10, [35, 36]), 
new planeto(0, 1843.25, 117.5, '#fff', 10, [223, 224, 226, 227]), 
new planeto(0, 1226.75, 1762.25, '#fff', 10, [35, 36, 90, 96]), 
new planeto(0, 1105.25, 1760, '#fff', 10, [36, 37, 95, 97, 99]), 
new planeto(0, 1116.5, 1863.5, '#fff', 10, [36, 37, 96]), 
new planeto(0, 965.75, 1868, '#fff', 10, [37, 101]), 
new planeto(0, 983.75, 1712.75, '#fff', 10, [38, 96, 100]), 
new planeto(0, 880.25, 1778, '#fff', 10, [38, 99, 101]), 
new planeto(0, 837.5, 1825.25, '#fff', 10, [38, 98, 100]), 
new planeto(0, 1872.5, 1233.5, '#fff', 10, [16, 71]), 
new planeto(0, 1265, 770, '#fff', 10, [15, 26, 72]), 
new planeto(0, 1688, 1328, '#fff', 10, [18, 20, 27, 75]), 
new planeto(0, 1449.5, 675.5, '#fff', 10, [17, 19, 26, 72, 76, 197, 218]),
new planeto(0, 1960.25, 1024.25, '#fff', 10, [14, 54, 56, 57, 114]), 
new planeto(0, 1177.25, 979.25, '#fff', 10, [55, 109, 111, 115, 205, 206]), 
new planeto(0, 1976, 898.25, '#fff', 10, [12, 54, 56, 110, 236]), 
new planeto(0, 1161.5, 1105.25, '#fff', 10, [107, 111, 205]), 
new planeto(0, 2095.25, 916.25, '#fff', 10, [56, 57, 108, 112]), 
new planeto(0, 1042.25, 1087.25, '#fff', 10, [59, 107, 109, 113, 115]), 
new planeto(0, 2225.75, 943.25, '#fff', 10, [57, 58, 110, 116]), 
new planeto(0, 911.75, 1060.25, '#fff', 10, [59, 111, 117]), 
new planeto(0, 2129, 1098.5, '#fff', 10, [57, 58, 106, 120]), 
new planeto(0, 1008.5, 905, '#fff', 10, [59, 107, 111, 121, 206]), 
new planeto(0, 2266.25, 1004, '#fff', 10, [58, 60, 112, 118]), 
new planeto(0, 871.25, 999.5, '#fff', 10, [59, 61, 113]), 
new planeto(0, 2376.5, 1080.5, '#fff', 10, [60, 62, 116, 122]), 
new planeto(0, 761, 923, '#fff', 10, [61, 63, 126, 207]), 
new planeto(0, 2198.75, 1141.25, '#fff', 10, [58, 60, 62, 114, 123]), 
new planeto(0, 938.75, 862.25, '#fff', 10, [59, 61, 63, 115, 124]), 
new planeto(0, 2412.5, 1159.25, '#fff', 10, [62, 64, 118, 125]), 
new planeto(0, 2291, 1251.5, '#fff', 10, [62, 64, 65, 120, 129]), 
new planeto(0, 846.5, 752, '#fff', 10, [63, 66, 121, 126, 130, 239]), 
new planeto(0, 2471, 1220, '#fff', 10, [64, 122, 127]), 
new planeto(0, 666.5, 783.5, '#fff', 10, [63, 66, 119, 124, 207]), 
new planeto(0, 2486.75, 1343.75, '#fff', 10, [65, 125, 131]), 
new planeto(0, 650.75, 659.75, '#fff', 10, [66, 68, 132]), 
new planeto(0, 2277.5, 1346, '#fff', 10, [67, 123]), 
new planeto(0, 860, 657.5, '#fff', 10, [66, 68, 124, 134, 239]), 
new planeto(0, 2511.5, 1424.75, '#fff', 10, [67, 127, 135]), 
new planeto(0, 626, 578.75, '#fff', 10, [128, 203]), 
new planeto(0, 2282, 1449.5, '#fff', 10, [67, 136, 142]), 
new planeto(0, 855.5, 554, '#fff', 10, [68, 70, 130, 137, 143]), 
new planeto(0, 2509.25, 1510.25, '#fff', 10, [67, 131, 136, 145]), 
new planeto(0, 2392.25, 1535, '#fff', 10, [67, 69, 133, 135, 138, 142, 145]),
new planeto(0, 745.25, 468.5, '#fff', 10, [134, 139, 146, 203]), 
new planeto(0, 2455.25, 1636.25, '#fff', 10, [69, 136, 145, 147]), 
new planeto(0, 682.25, 367.25, '#fff', 10, [70, 137, 146, 148]), 
new planeto(0, 2210, 1670, '#fff', 10, [69, 142, 144]), 
new planeto(0, 927.5, 333.5, '#fff', 10, [70, 143, 148, 204]), 
new planeto(0, 2259.5, 1528.25, '#fff', 10, [69, 133, 136, 140]), 
new planeto(0, 878, 475.25, '#fff', 10, [70, 134, 141]), 
new planeto(0, 2331.5, 1681.25, '#fff', 10, [69, 140, 147]), 
new planeto(0, 2518.25, 1598, '#fff', 10, [135, 136, 138]), 
new planeto(0, 619.25, 405.5, '#fff', 10, [137, 139, 203]), 
new planeto(0, 2363, 1726.25, '#fff', 10, [138, 144]), 
new planeto(0, 774.5, 277.25, '#fff', 10, [70, 139, 141, 204]), 
new planeto(0, 1773.5, 702.5, '#fff', 10, [23, 40, 42, 150, 236]), 
new planeto(0, 1836.5, 601.25, '#fff', 10, [42, 44, 149, 154]), 
new planeto(0, 1775.75, 468.5, '#fff', 10, [44, 153]), 
new planeto(0, 1361.75, 1535, '#fff', 10, [43, 215, 216]), 
new planeto(0, 1881.5, 443.75, '#fff', 10, [44, 45, 151, 156]), 
new planeto(0, 1942.25, 563, '#fff', 10, [45, 46, 150, 158]), 
new planeto(0, 1195.25, 1440.5, '#fff', 10, [159, 213, 214, 216, 217]), 
new planeto(0, 2018.75, 412.25, '#fff', 10, [45, 46, 153, 160]), 
new planeto(0, 1118.75, 1591.25, '#fff', 10, [161, 214]), 
new planeto(0, 2108.75, 558.5, '#fff', 10, [46, 47, 154, 164]), 
new planeto(0, 1028.75, 1445, '#fff', 10, [155, 165, 212, 213, 214]), 
new planeto(0, 2122.25, 410, '#fff', 10, [46, 47, 156]), 
new planeto(0, 1015.25, 1593.5, '#fff', 10, [157, 212]), 
new planeto(0, 2252.75, 443.75, '#fff', 10, [47, 49, 166]), 
new planeto(0, 884.75, 1559.75, '#fff', 10, [48, 165, 212]), 
new planeto(0, 2230.25, 563, '#fff', 10, [47, 49, 50, 158, 168]), 
new planeto(0, 907.25, 1440.5, '#fff', 10, [48, 159, 163, 169, 212]), 
new planeto(0, 2378.75, 491, '#fff', 10, [49, 162]), 
new planeto(0, 758.75, 1512.5, '#fff', 10, [48, 171]), 
new planeto(0, 2297.75, 648.5, '#fff', 10, [50, 51, 164]), 
new planeto(0, 839.75, 1355, '#fff', 10, [48, 165, 210]), 
new planeto(0, 2453, 576.5, '#fff', 10, [50, 172]), 
new planeto(0, 684.5, 1427, '#fff', 10, [167, 173, 211]), 
new planeto(0, 2558.75, 632.75, '#fff', 10, [51, 53, 170, 174]), 
new planeto(0, 578.75, 1370.75, '#fff', 10, [52, 171, 209, 211]), 
new planeto(0, 2657.75, 707, '#fff', 10, [172, 175, 182]), 
new planeto(0, 2617.25, 801.5, '#fff', 10, [53, 174, 179, 182]), 
new planeto(0, 520.25, 1202, '#fff', 10, [52, 183, 185, 187, 189, 208]), 
new planeto(0, 2435, 736.25, '#fff', 10, [51, 53, 184]), 
new planeto(0, 702.5, 1267.25, '#fff', 10, [52, 185, 210, 211]), 
new planeto(0, 2583.5, 860, '#fff', 10, [175, 180, 182, 184, 186]), 
new planeto(0, 2637.5, 970.25, '#fff', 10, [179, 188]), 
new planeto(0, 500, 1033.25, '#fff', 10, [187, 189]), 
new planeto(0, 2680.25, 799.25, '#fff', 10, [174, 175, 179, 188]), 
new planeto(0, 457.25, 1204.25, '#fff', 10, [176, 189]), 
new planeto(0, 2486.75, 803.75, '#fff', 10, [177, 179]), 
new planeto(0, 650.75, 1199.75, '#fff', 10, [52, 176, 178, 208]), 
new planeto(0, 2525, 943.25, '#fff', 10, [179]), 
new planeto(0, 612.5, 1060.25, '#fff', 10, [176, 181, 189, 208]), 
new planeto(0, 2707.25, 882.5, '#fff', 10, [180, 182]), 
new planeto(0, 430.25, 1121, '#fff', 10, [176, 181, 183, 187]), 
new planeto(0, 1523.75, 956.75, '#fff', 10, [1, 2, 4, 6, 194, 237]), 
new planeto(0, 1618.25, 1033.25, '#fff', 10, [0, 3, 4, 5, 237, 238]), 
new planeto(0, 1384.25, 995, '#fff', 10, [2, 6, 11, 13, 193]), 
new planeto(0, 1420.25, 1085, '#fff', 10, [2, 9, 11, 192, 240]), 
new planeto(0, 1472, 869, '#fff', 10, [1, 6, 8, 17, 190, 195, 197])
new planeto(0, 1400, 862.25, '#fff', 10, [6, 15, 17, 194, 196]), 
new planeto(0, 1355, 905, '#fff', 10, [6, 13, 195]), 
new planeto(0, 1521.5, 774.5, '#fff', 10, [8, 17, 19, 105, 194]), 
new planeto(0, 1609.25, 824, '#fff', 10, [1, 8, 10, 19, 21, 23, 199]),
new planeto(0, 1631.75, 923, '#fff', 10, [1, 3, 10, 198, 200, 237]), 
new planeto(0, 1733, 938.75, '#fff', 10, [3, 10, 12, 199, 201]), 
new planeto(0, 1748.75, 1001.75, '#fff', 10, [3, 5, 12, 14, 200]), 
new planeto(0, 1703.75, 1152.5, '#fff', 10, [5, 16, 18, 238]), 
new planeto(0, 671, 524.75, '#fff', 10, [68, 132, 137, 146]), 
new planeto(0, 911.75, 194, '#fff', 10, [141, 148]), 
new planeto(0, 1229, 1096.25, '#fff', 10, [11, 55, 107, 109]), 
new planeto(0, 1127.75, 916.25, '#fff', 10, [107, 115]), 
new planeto(0, 650.75, 880.25, '#fff', 10, [119, 126]), 
new planeto(0, 664.25, 1123.25, '#fff', 10, [176, 185, 187]), 
new planeto(0, 434.75, 1424.75, '#fff', 10, [173]), 
new planeto(0, 779, 1337, '#fff', 10, [169, 178, 211]), 
new planeto(0, 709.25, 1375.25, '#fff', 10, [48, 52, 171, 173, 178, 210]), 
new planeto(0, 979.25, 1546.25, '#fff', 10, [159, 161, 163, 165]), 
new planeto(0, 1105.25, 1388.75, '#fff', 10, [155, 159]), 
new planeto(0, 1163.75, 1546.25, '#fff', 10, [155, 157, 159, 215, 216]), 
new planeto(0, 1262.75, 1568.75, '#fff', 10, [152, 214, 216]), 
new planeto(0, 1294.25, 1463, '#fff', 10, [43, 152, 155, 214, 215, 217]), 
new planeto(0, 1334.75, 1310, '#fff', 10, [24, 41, 43, 155, 216]), 
new planeto(0, 1334.75, 596.75, '#fff', 10, [29, 72, 74, 76, 105]), 
new planeto(0, 1483.25, 389.75, '#fff', 10, [32, 78, 85, 221]), 
new planeto(0, 1217.75, 311, '#fff', 10, [80, 83, 221]), 
new planeto(0, 1384.25, 362.75, '#fff', 10, [29, 78, 80, 83, 219, 220]), 
new planeto(0, 1526, 137.75, '#fff', 10, [32, 34, 223]), 
new planeto(0, 1719.5, 106.25, '#fff', 10, [34, 94, 222, 224]), 
new planeto(0, 1755.5, 173.75, '#fff', 10, [34, 91, 94, 223, 226]), 
new planeto(0, 1850, 257, '#fff', 10, [91, 226, 228]), 
new planeto(0, 1895, 171.5, '#fff', 10, [94, 224, 225, 227, 228]), 
new planeto(0, 2000.75, 83.75, '#fff', 10, [94, 226, 228, 230]), 
new planeto(0, 1967, 234.5, '#fff', 10, [225, 226, 227, 229, 230]), 
new planeto(0, 2057, 232.25, '#fff', 10, [228, 230, 231, 232]), 
new planeto(0, 2072.75, 140, '#fff', 10, [227, 228, 229, 231]), 
new planeto(0, 2140.25, 133.25, '#fff', 10, [229, 230, 232, 234]), 
new planeto(0, 2207.75, 214.25, '#fff', 10, [229, 231, 233, 234]), 
new planeto(0, 2349.5, 198.5, '#fff', 10, [232, 234]), 
new planeto(0, 2234.75, 92.75, '#fff', 10, [231, 232, 233]), 
new planeto(0, 1508, 1179.5, '#fff', 10, [0, 7, 9, 22, 240]), 
new planeto(0, 1805, 815, '#fff', 10, [10, 12, 23, 108, 149]), 
new planeto(0, 1589, 965.75, '#fff', 10, [1, 3, 4, 190, 191, 199]), 
new planeto(0, 1636.25, 1098.5, '#fff', 10, [0, 5, 7, 191, 202]), 
new planeto(0, 909.5, 707, '#fff', 10, [124, 130]), 
new planeto(0, 1490, 1087.25, '#fff', 10, [0, 2, 4, 9, 193, 235])